;Exported by: Mauzer
;Date:        Tue Sep 20 15:41:03 2011
;File:        E:\Autodesk\Low poly\freelance\DMS\Cannon\BS-3\BS-3_xx.max
{Skeleton
	{bone "basis"
		{Orientation
			1	0	0
			0	-1	0
			0	0	1
		}
		{bone "body"
			{parameters "ID=body;"}
			{animation
				{sequence "break" {file "body_b.anm"} {speed 0.7}}
			}
			{Position -1.03363	0.119125	10.9416}
			{VolumeView "body.ply"}
			{bone revolute "turret"
				{parameters "ID=turret;"}
				{animation
					{sequence "break" {file "turret_b.anm"} {speed 0.9}}
				}
				{limits -29 29}
				{speed 0.005}
				{Matrix34
					0.999749	-0.0186447	-0.0124294
					0.0181995	0.999221	-0.0350129
					0.0130725	0.0347779	0.99931
					1.71048	-0.000244141	-3.10273
				}
				{VolumeView "turret.ply"}
				{bone revolute "gun_rot"
					{parameters "ID=gun;"}
					{animation
						{sequence "break" {file "gun_b.anm"} {speed 0.6}}
					}
					{limits -5 45}
					{speed 0.006}
					{Matrix34
						0.995696	-0.0429933	-0.0820996
						0.0870114	0.128726	0.987856
						-0.0319028	-0.990748	0.131913
						-6.22942	-0.0094793	11.9025
					}
					{VolumeView "gun_rot.ply"}
					{bone "part6"
						{parameters "ID=gun;"}
						{Matrix34
							1	0	0
							0	0	-1
							0	1	0
							25.5403	1.68501	0.00350833
						}
						{VolumeView "part6.ply"}
					}
					{bone "part7"
						{parameters "ID=gun;"}
						{animation
							{sequence "break" {file "gun_b.anm"} {speed 0.6}}
						}
						{Matrix34
							0.999994	0.00179005	-0.00288886
							-0.00175373	0.99992	0.0125225
							0.00291106	-0.0125173	0.999918
							-0.0144496	-0.0360107	0.16103
						}
						{VolumeView "part7.ply"}
					}
				}
				{bone "dtl3"
					{Matrix34
						1	0	0
						0	-1	0
						0	0	1
						3.52686	-0.00947936	9.57503
					}
				}
				{bone "part1"
					{parameters "ID=turret;"}
					{animation
						{sequence "break" {file "turret_b.anm"} {speed 0.9}}
					}
					{Matrix34
						0.999996	0.0020585	0.00193357
						-0.00208282	0.999918	0.0126601
						-0.00190735	-0.0126641	0.999918
						-9.67844	10.5378	11.478
					}
					{VolumeView "part1.ply"}
				}
				{bone "part2"
					{Matrix34
						1	0	0
						0	-1	0
						0	0	1
						-2.87727	-18.3838	17.2309
					}
					{VolumeView "part2.ply"}
				}
			}
			{bone "part3"
				{Matrix34
					0.777146	-0.62932	0
					0.62932	0.777146	0
					0	0	1
					-3.06022	10.0451	-2.12593
				}
				{VolumeView "part3.ply"}
			}
			{bone "part4"
				{Matrix34
					0.771625	0.636078	0
					-0.636078	0.771625	0
					0	0	1
					-3.06022	-10.0566	-2.12593
				}
				{VolumeView "part4.ply"}
				{bone "part5"
					{Matrix34
						-0.190221	0.0149707	-0.981627
						0.0784591	0.996917	0
						0.978601	-0.0770177	-0.190809
						-69.2118	5.33883	-6.6966
					}
					{VolumeView "part5.ply"}
				}
			}
			{bone "pivot_front"
				{parameters "ID=body;"}
				{Position 0	0	-0.921555}
				{VolumeView "pivot_front.ply"}
			}
		}
	}
}
{Volume "body"
	{Box 11.7706 25.5242 6.43041}
	{Bone "body"}
	{Position 4.74066	-0.0323505	-0.789478}
}
{Volume "gun2"
	{Box 8.28992 5.30092 51.7948}
	{Bone "gun_rot"}
	{Matrix34
		0	0	-1
		0	1	0
		1	0	0
		5.21888	-3.41657	-0.0218
	}
}
{Volume "part1"
	{Cylinder 2.65997 8.05118}
	{Bone "part1"}
	{Matrix34
		-0.999808	-0.0162812	-0.0109341
		-0.0105692	-0.0223328	0.999695
		-0.0165204	0.999618	0.0221564
		-0.0215806	-0.242648	0.0231772
	}
}
{Volume "part2"
	{Box 6.21016 5.67519 3.33662}
	{Bone "part2"}
	{Matrix34
		0.479798	-0.820748	0.310107
		-0.531661	0.00918798	0.846907
		0.697946	0.571217	0.431952
		0.130915	0.235257	0.183119
	}
}
{Volume "part3"
	{Box 77.446 3.23962 4.41663}
	{Bone "part3"}
	{Matrix34
		0.985283	0.0688977	0.156435
		-0.0697566	0.997564	0
		-0.156053	-0.0109123	0.987688
		-35.0031	-2.51251	-1.71473
	}
}
{Volume "part4"
	{Box 77.446 3.23962 4.41663}
	{Bone "part4"}
	{Matrix34
		0.984644	-0.0774932	0.156434
		0.0784593	0.996917	0
		-0.155952	0.0122737	0.987688
		-35.0329	2.75353	-1.71473
	}
}
{Volume "part5"
	{Box 2.64109 9.41987 12.1732}
	{Bone "part5"}
	{Matrix34
		-0.00443867	-0.00877601	0.999952
		-0.0017043	0.99996	0.00876767
		-0.999989	-0.00166538	-0.00445351
		5.87919	0.331798	-0.501182
	}
}
{Volume "part6"
	{Cylinder 2.28043 113.055}
	{Bone "part6"}
	{Matrix34
		0	1	0
		0	0	1
		1	0	0
		19.345	0	0
	}
}
{Volume "part7"
	{Box 8.19207 11.2525 2.0222}
	{Bone "part7"}
	{Matrix34
		0.0277185	-0.0298103	-0.999172
		-0.522738	0.851559	-0.0399076
		0.852043	0.523411	0.0080211
		6.62423	5.02833	-0.102756
	}
}
{Volume "turret"
	{Polyhedron "turret.vol"}
	{Bone "turret"}
	{Matrix34
		0	1	0
		-0.529919	0	0.848048
		0.848048	0	0.529919
		6.20882	0.0148328	13.8418
	}
}
