;Exported by: sasha
;Date:        Fri Jun 06 15:05:30 2008
;File:        D:\-Projects-\-3DWork-\-Vehicles-\IS3\is3-2008_2_XX_2.max
{Skeleton
	{bone "basis"
		{Orientation
			1	0	0
			0	-1	0
			0	0	1
		}
		{bone "body"
			{Matrix34
				0	-1	0
				1	0	0
				0	0	1
				0	0	17.1308
			}
			{VolumeView "body.ply"}
			{bone revolute "wheell01"
				{Matrix34
					0.177018	-0.0439275	0.983227
					0.240848	0.970563	0
					-0.954283	0.236808	0.182387
					-24.3624	56.9999	-5.3085
				}
				{VolumeView "wheell01.ply"}
			}
			{bone revolute "turret"
				{Position -0.00386858	13.1862	20.5254}
				{VolumeView "turret.ply"}
				{bone revolute "gun_rot"
					{Matrix34
						0	-0.116953	-0.993137
						0	0.993137	-0.116953
						1	0	0
						-0.690668	23.0662	-2.43731
					}
					{VolumeView "gun_rot.ply"}
					{bone "gun"
						{Matrix34
							0	0	1
							0	1	0
							-1	0	0
							0.0214233	11.1234	0.802173
						}
						{VolumeView "gun.ply"}
					}
				}
				{bone "anten"
					{Matrix34
						1	0	0
						0	0.999848	-0.0174524
						0	0.0174524	0.999848
						-18.4766	-0.220415	5.4557
					}
					{VolumeView "anten.ply"}
				}
				{bone "part1"
					{Position 6.23961	4.44588	7.15934}
					{VolumeView "part1.ply"}
				}
				{bone "part2"
					{Position -6.2288	-6.76998	7.84128}
					{VolumeView "part2.ply"}
				}
			}
			{bone revolute "wheell09"
				{Position -24.7438	32.2975	-2.90269}
				{VolumeView "wheell09.ply"}
			}
			{bone "engine"
				{Position 0	-37.5613	5.42847}
				{VolumeView "engine.ply"}
			}
			{bone revolute "wheelr11"
				{Matrix34
					0	0	1
					0	1	0
					-1	0	0
					24.4593	-36.2484	-2.9027
				}
				{VolumeView "wheelr11.ply"}
			}
			{bone revolute "wheell10"
				{Position -24.7438	-1.9939	-2.90269}
				{VolumeView "wheell10.ply"}
			}
			{bone revolute "part5"
				{Matrix34
					0	0	1
					0	1	0
					-1	0	0
					24.4593	56.9999	-5.3085
				}
				{VolumeView "part5.ply"}
			}
			{bone revolute "part6"
				{Matrix34
					0	0	1
					0	1	0
					-1	0	0
					25.3292	-56.7296	-5.98519
				}
				{VolumeView "part6.ply"}
			}
			{bone revolute "part3"
				{Matrix34
					0	0	1
					0	1	0
					-1	0	0
					-25.3939	-56.7296	-5.98519
				}
				{VolumeView "part3.ply"}
			}
		}
		{bone "wheelsl"
			{Matrix34
				0	-1	0
				1	0	0
				0	0	1
				-9.87805	18.2727	10.7429
			}
			{VolumeView "wheelsl.ply"}
			{bone revolute "wheell04"
				{Matrix34
					0.224224	0	0.974538
					0	1	0
					-0.974538	0	0.224224
					-6.08971	17.3834	-3.35832
				}
				{VolumeView "wheell01.ply"}
			}
			{bone revolute "wheell03"
				{Matrix34
					0	0	1
					-0.173687	0.984801	0
					-0.984801	-0.173687	0
					-6.08971	34.6318	-3.35832
				}
				{VolumeView "wheell01.ply"}
			}
			{bone revolute "wheell05"
				{Matrix34
					0	0	1
					0.195209	0.980762	0
					-0.980762	0.195209	0
					-6.08971	0.139572	-3.35832
				}
				{VolumeView "wheell01.ply"}
			}
			{bone revolute "wheell06"
				{Matrix34
					0.179773	0	0.983708
					-0.234182	0.97125	0.0427968
					-0.955427	-0.23806	0.174605
					-6.0897	-18.2059	-3.35832
				}
				{VolumeView "wheell01.ply"}
			}
			{bone revolute "wheell07"
				{Matrix34
					-0.230544	0	0.973062
					0	1	0
					-0.973062	0	-0.230544
					-6.08971	-33.1051	-3.35832
				}
				{VolumeView "wheell01.ply"}
			}
			{bone revolute "part4"
				{Matrix34
					0	0	1
					0	1	0
					-1	0	0
					-6.08971	52.0312	-3.35832
				}
				{VolumeView "wheell01.ply"}
			}
		}
		{bone "wheelsr"
			{Matrix34
				0	-1	0
				1	0	0
				0	0	1
				-9.87805	-18.2323	10.7429
			}
			{VolumeView "wheelsr.ply"}
			{bone revolute "wheelr02"
				{Matrix34
					0	0	1
					0.249174	0.968459	0
					-0.968459	0.249174	0
					6.22696	52.0312	-3.35833
				}
				{VolumeView "part5.ply"}
			}
			{bone revolute "wheelr03"
				{Matrix34
					-0.174992	0	0.98457
					0	1	0
					-0.98457	0	-0.174992
					6.22696	34.6318	-3.35833
				}
				{VolumeView "part5.ply"}
			}
			{bone revolute "wheelr04"
				{Matrix34
					0	0	1
					-0.220373	0.975416	0
					-0.975416	-0.220373	0
					6.22696	17.3834	-3.35833
				}
				{VolumeView "part5.ply"}
			}
			{bone revolute "wheelr05"
				{Matrix34
					-0.0605063	-0.00717031	0.998142
					-0.117682	0.993051	0
					-0.991206	-0.117463	-0.0609297
					6.22696	0.139572	-3.35833
				}
				{VolumeView "part5.ply"}
			}
			{bone revolute "wheelr06"
				{Matrix34
					-0.227936	0	0.973676
					0.0614991	0.998003	0.0143968
					-0.971732	0.0631618	-0.227481
					6.22696	-18.2059	-3.35833
				}
				{VolumeView "part5.ply"}
			}
			{bone revolute "wheelr07"
				{Matrix34
					0.121624	0	0.992576
					0.19008	0.981492	-0.0232911
					-0.974206	0.191502	0.119373
					6.22696	-33.1051	-3.35833
				}
				{VolumeView "part5.ply"}
			}
		}
	}
}
{Volume "body1"
	{Polyhedron "body1.vol"}
	{Bone "body"}
	{Position 0.00328827	0.32136	-3.99744}
}
{Volume "body2"
	{Polyhedron "body2.vol"}
	{Bone "body"}
	{Position -0.00241952	20.927	7.72714}
}
{Volume "engine"
	{Polyhedron "engine.vol"}
	{Bone "engine"}
	{Position 0	-3.53497	4.16569}
}
{Volume "gun"
	{Cylinder 2.69089 77.8988}
	{Bone "gun_rot"}
	{Matrix34
		0	0	-1
		-1	0	0
		0	1	0
		-0.00107981	50.3337	0.786522
	}
}
{Volume "mantlet"
	{Cylinder 2.73962 15.2154}
	{Bone "gun_rot"}
	{Matrix34
		0	-1	0
		-1	0	0
		0	0	-1
		0.0882995	5.62278	0.0332513
	}
}
{Volume "part1"
	{Box 9.73306 1.36677 12.1502}
	{Bone "part1"}
	{Matrix34
		0	-0.972355	-0.233508
		0	-0.233508	0.972355
		-1	0	0
		-0.242149	-0.151717	0.641693
	}
}
{Volume "part2"
	{Box 9.73306 1.36677 12.1502}
	{Bone "part2"}
	{Matrix34
		0	-1	0
		0	0	1
		-1	0	0
		0.157584	-0.043147	-0.882324
	}
}
{Volume "part3"
	{Cylinder 7.90307 7.5806}
	{Bone "part3"}
	{Matrix34
		0	-1	0
		1	0	0
		0	0	1
		-0.0897602	-0.159102	-0.858158
	}
}
{Volume "part4"
	{Cylinder 5.94216 8.91835}
	{Bone "part4"}
	{Matrix34
		0	-1	0
		1	0	0
		0	0	1
		0.0226692	-0.0258129	0.227552
	}
}
{Volume "part5"
	{Cylinder 5.94216 8.91835}
	{Bone "part5"}
	{Matrix34
		0	-1	0
		1	0	0
		0	0	1
		-0.113116	0.0652659	-0.337378
	}
}
{Volume "part6"
	{Cylinder 7.90307 7.5806}
	{Bone "part6"}
	{Matrix34
		0	-1	0
		1	0	0
		0	0	1
		-0.0897562	-0.159102	0.857214
	}
}
{Volume "trackleft"
	{Box 128.876 14.8683 11.1457}
	{Bone "wheelsl"}
	{Matrix34
		0	-1	0
		0	0	1
		-1	0	0
		-5.06477	9.7139	-2.56626
	}
}
{Volume "trackright"
	{Box 128.876 14.4374 12.1209}
	{Bone "wheelsr"}
	{Matrix34
		0	-1	0
		0	0	1
		-1	0	0
		5.44561	9.7139	-1.67511
	}
}
{Volume "turret"
	{Polyhedron "turret.vol"}
	{Bone "turret"}
	{Position 0	0	0}
}
