;Exported by: garry
;Date:        Wed Jun 13 17:17:46 2007
;File:        D:\-Projects-\-3DWork-\Model\Танки\Valentine\valentine_xx.max
{Skeleton
	{bone "basis"
		{Orientation
			1	0	0
			0	-1	0
			0	0	1
		}
		{bone "trackright"
			{parameters "ID=trackright;"}
			{Matrix34
				1	0	0
				0	0	1
				0	-1	0
				-1.53274	-17.0083	8.90875
			}
			{VolumeView "trackright.ply"}
			{bone revolute "wheelr3"
				{parameters "ID=trackright;Radius=0.3;"}
				{Matrix34
					1	0	0
					0	-1	0
					0	0	-1
					19.7813	-3.19473	2.47882
				}
				{VolumeView "wheelr3.ply"}
			}
			{bone revolute "wheelr7"
				{parameters "ID=trackright;"}
				{Matrix34
					1	0	0
					0	-1	0
					0	0	-1
					-32.0885	-1.55038	2.15424
				}
				{VolumeView "wheelr7.ply"}
			}
			{bone revolute "wheelr4"
				{parameters "ID=trackright;Radius=0.3;"}
				{Matrix34
					1	0	0
					0	-1	0
					0	0	-1
					9.26078	-3.19473	2.47882
				}
				{VolumeView "wheelr3.ply"}
			}
			{bone revolute "wheelr5"
				{parameters "ID=trackright;Radius=0.3;"}
				{Matrix34
					1	0	0
					0	-1	0
					0	0	-1
					-9.30225	-3.19473	2.47882
				}
				{VolumeView "wheelr3.ply"}
			}
			{bone revolute "wheelr6"
				{parameters "ID=trackright;Radius=0.3;"}
				{Matrix34
					1	0	0
					0	-1	0
					0	0	-1
					-19.8128	-3.19473	2.47882
				}
				{VolumeView "wheelr3.ply"}
			}
			{bone revolute "wheelr2"
				{parameters "ID=trackright;"}
				{Matrix34
					1	0	0
					0	-1	0
					0	0	-1
					32.1257	-1.55038	2.15424
				}
				{VolumeView "wheelr7.ply"}
			}
		}
		{bone "trackleft"
			{parameters "ID=trackleft;"}
			{Matrix34
				1	0	0
				0	0	1
				0	-1	0
				-1.5411	17.0084	8.90876
			}
			{VolumeView "trackleft.ply"}
			{bone revolute "wheell2"
				{parameters "ID=trackleft;"}
				{Matrix34
					1	0	0
					0	-1	0
					0	0	1
					32.1324	-1.55038	-2.14519
				}
				{VolumeView "wheell2.ply"}
			}
			{bone revolute "wheell6"
				{parameters "ID=trackleft;Radius=0.3;"}
				{Matrix34
					0.998771	0.0364812	0.0335506
					0.0362981	-0.999323	0.00605158
					-0.0337487	0.00482632	0.999419
					-19.8079	-3.19472	-2.53197
				}
				{VolumeView "wheell6.ply"}
			}
			{bone revolute "wheell7"
				{parameters "ID=trackleft;"}
				{Matrix34
					1	0	0
					0	-1	0
					0	0	1
					-32.0801	-1.55038	-2.14519
				}
				{VolumeView "wheell2.ply"}
			}
			{bone revolute "wheell5"
				{parameters "ID=trackleft;Radius=0.3;"}
				{Matrix34
					0.999651	-0.00992327	0.024486
					-0.0126554	-0.993391	0.114079
					-0.0231922	0.114349	0.99317
					-9.27625	-3.19472	-2.53196
				}
				{VolumeView "wheell5.ply"}
			}
			{bone revolute "wheell4"
				{parameters "ID=trackleft;Radius=0.3;"}
				{Matrix34
					0.999923	-0.0011959	0.0123331
					-0.00138182	-0.999885	0.015077
					-0.0123136	0.0150929	0.99981
					9.28123	-3.19472	-2.53196
				}
				{VolumeView "wheell4.ply"}
			}
			{bone revolute "wheell3"
				{parameters "ID=trackleft;Radius=0.3;"}
				{Matrix34
					1	0	0
					0	-1	0
					0	0	1
					19.7863	-3.19472	-2.53196
				}
				{VolumeView "wheell3.ply"}
			}
		}
		{bone "body"
			{parameters "ID=body;"}
			{Matrix34
				0.999755	-0.000571111	0.0221268
				-0.0221204	-0.0610516	0.997889
				0.000780968	-0.998134	-0.0610492
				2.7975	0	13.1128
			}
			{VolumeView "body.ply"}
			{bone revolute "wheelr1"
				{parameters "ID=trackright;"}
				{Matrix34
					1	0	0
					0	-1	0
					0	0	-1
					49.1756	-4.87068	20.3435
				}
				{VolumeView "wheelr1.ply"}
			}
			{bone revolute "wheelr8"
				{parameters "ID=trackright;"}
				{Matrix34
					1	0	0
					0	-1	0
					0	0	-1
					-48.8611	-3.69855	20.2815
				}
				{VolumeView "wheelr8.ply"}
			}
			{bone revolute "wheell8"
				{parameters "ID=trackleft;"}
				{Matrix34
					-0.173648	0.983011	-0.0594551
					0.98293	0.169273	-0.0720817
					0.060793	0.070957	0.995625
					-48.8611	-3.69856	-19.3734
				}
				{VolumeView "wheell8.ply"}
			}
			{bone revolute "wheell1"
				{parameters "ID=trackleft;"}
				{Matrix34
					1	0	0
					0	-1	0
					0	0	1
					49.1756	-4.87069	-19.4354
				}
				{VolumeView "wheell1.ply"}
			}
			{bone revolute "turret"
				{parameters "ID=turret;"}
				{Matrix34
					0.905449	0.0284054	0.423503
					0.422239	0.0415437	-0.905532
					-0.0433159	0.998733	0.0256218
					7.33792	11.432	1.83802
				}
				{VolumeView "turret.ply"}
				{bone revolute "gun_rot"
					{parameters "ID=gun;"}
					{Matrix34
						0.971258	0.166689	-0.169918
						0.183292	-0.0683213	0.980682
						0.15186	-0.98364	-0.0969104
						12.309	0.54528	5.61257
					}
					{VolumeView "gun_rot.ply"}
					{bone "gun"
						{parameters "ID=gun;"}
						{Matrix34
							0.995485	-0.0795907	-0.051728
							-0.0396895	0.146023	-0.988485
							0.0862277	0.986074	0.142205
							5.73221	-0.932463	0.340096
						}
						{VolumeView "gun.ply"}
					}
				}
				{bone "cover1"
					{parameters "ID=turret;"}
					{Position -8.47471	1.22581	11.7256}
					{VolumeView "cover1.ply"}
				}
				{bone "cover2"
					{parameters "ID=turret;"}
					{Position 0.746512	1.23986	12.0947}
					{VolumeView "cover2.ply"}
				}
			}
			{bone "driver_door"
				{parameters "ID=body;"}
				{Position 33.1308	5.738	-13.6151}
				{VolumeView "driver_door.ply"}
			}
			{bone "engine"
				{parameters "ID=engine;"}
				{Matrix34
					1	0	0
					0	0	-1
					0	1	0
					-29.0683	3.29783	0.480613
				}
				{VolumeView "engine.ply"}
			}
			{bone "part1"
				{Position 0	2.04799	-17.5775}
				{VolumeView "part1.ply"}
			}
			{bone "part3"
				{Position 33.1307	8.16853	10.9106}
				{VolumeView "part3.ply"}
			}
			{bone "part2"
				{Matrix34
					0.999755	-0.0221207	0.000780974
					0.0221271	0.997889	-0.0610492
					-0.000571124	-0.0610516	-0.998134
					-4.65015	-0.24229	-19.5318
				}
				{VolumeView "part2.ply"}
			}
		}
	}
}
{Volume "body1"
	{Polyhedron "body1.vol"}
	{Bone "body"}
	{Matrix34
		1	0	0
		0	0	-1
		0	1	0
		-1.3764	-11.2867	0.0445723
	}
}
{Volume "body2"
	{Polyhedron "body2.vol"}
	{Bone "body"}
	{Matrix34
		1	0	0
		0	0	-1
		0	1	0
		3.13012	-2.18052	0
	}
}
{Volume "engine"
	{Polyhedron "engine.vol"}
	{Bone "engine"}
	{Position 3.26756	0.480614	-2.92533}
}
{Volume "gun"
	{Box 31.5703 2.33897 2.41209}
	{Bone "gun_rot"}
	{Matrix34
		1	0	0
		0	0	-1
		0	1	0
		17.4882	-0.863048	0.340097
	}
}
{Volume "part1"
	{Box 117.582 9.89011 4.91575}
	{Bone "part1"}
	{Matrix34
		0.999755	-0.0221206	0.000781059
		-0.000571033	-0.0610516	-0.998134
		0.022127	0.997889	-0.0610493
		-0.0466697	0.687873	-1.1535
	}
}
{Volume "part2"
	{Polyhedron "part2.vol"}
	{Bone "part2"}
	{Matrix34
		1	0	0
		0	0	1
		0	1	0
		0	-5.47083	0
	}
}
{Volume "part3"
	{Box 10.6227 8.69231 1.05494}
	{Bone "part3"}
	{Matrix34
		0.999755	-0.0221206	0.000781058
		0.0122237	0.522355	-0.85264
		0.0184529	0.852441	0.522497
		-0.000630422	-0.0216565	0.19939
	}
}
{Volume "trackleft"
	{Box 108.403 8.88667 19.9072}
	{Bone "trackleft"}
	{Matrix34
		-1	0	0
		0	0	1
		0	1	0
		2.20638	1.3527	-1.90293
	}
}
{Volume "trackright"
	{Box 108.403 8.91721 19.9072}
	{Bone "trackright"}
	{Matrix34
		1	0	0
		0	0	-1
		0	1	0
		2.23259	1.34252	2.03292
	}
}
{Volume "turret"
	{Cylinder 16.5144 11.926}
	{Bone "turret"}
	{Position 0.0140884	0.459976	5.98921}
}
