;Exported by:	 guita
;Date:			 25.11.2023 15:40:03
;File:			 D:\Git\3D_Scenes\GoH_3D_vehicles_usa\vehicles_civilian\Renault_agr\renault_agr_civ_xx.max
{skeleton
	{bone "basis"
		{parameters "steermax=20;wheelradius=0.33;"}
		{orientation
			1 	 0 	 0
			0 	 -1 	 0
			0 	 0 	 1
		}
		{bone "body"
			{parameters "id=body;"}
			{Position 0.1199 	 -0.0984 	 10.2096}
			{VolumeView "body.ply"}
			{bone "bodyback"
				{parameters "id=bodyback;"}
				{Position -31.9443 	 0.0984 	 13.5783}
				{VolumeView "bodyback2.ply"}
				{bone "part1"
					{parameters "id=part1;"}
					{matrix34
						-1 	 0 	 0.004
						-0.0016 	 0.9111 	 -0.4123
						-0.0036 	 -0.4123 	 -0.9111
						-34.9224 	 -8.4045 	 -0.1009
					}
					{VolumeView "part1.ply"}
				}
				{bone "turret2"
					{parameters "ID=turret;"}
					{Matrix34
						-1	0	0
						0	-1	0
						0	0	1
						4.5221 	 -0.329597 	 5.3803
					}
					{VolumeView "gunbody.ply"}
					{bone "gunbody2"
						{Matrix34
							0.9	0	0
							0	0.9	0
							0	0	1
							0	0	0
						}
						{bone "standb"
							{parameters "ID=turret;"}
							{Matrix34
								-0.992418	0	0.122907
								0	-1	0
								0.122907	0	0.992418
								-6.51152	0.0457885	-1.09147
							}
							{VolumeView "standb.ply"}
						}
						{bone "stanr"
							{parameters "ID=turret;"}
							{Matrix34
								0.489022	-0.833368	0.257597
								0.862474	0.506101	0
								-0.13037	0.222171	0.966252
								5.87782	-7.14087	-1.1638
							}
							{VolumeView "stanr.ply"}
						}
						{bone "standl"
							{parameters "ID=turret;"}
							{Matrix34
								0.502234	0.86447	-0.0212951
								-0.864666	0.502348	0
								0.0106975	0.0184131	0.999773
								5.87341	7.14131	-1.15217
							}
							{VolumeView "standl.ply"}
						}
						{bone revolute "turret"
							{parameters "ID=turret;"}
							{Matrix34
								0.994887	-0.0560786	-0.0839921
								0.0620728	0.995576	0.0705414
								0.0796646	-0.0753944	0.993966
								1.74106	0.273584	10.9183
							}
							{VolumeView "turret.ply"}
							{bone revolute "gun_rot"
								{Matrix34
									1	0	0
									0	0	1
									0	-1	0
									-0.213774	-0.139507	-0.581698
								}
								{VolumeView "gun_rot.ply"}
								{bone "gun"
									{parameters "ID=gun;"}
									{Matrix34
										1	0	0
										0	0	-1
										0	1	0
										5.86087	3.88739	-0.105394
									}
									{VolumeView "gun.ply"}
									{bone "barrel1"
										{Matrix34
											0.984048	0.172323	-0.0442099
											-0.17215	0.98504	0.00773421
											0.0448813	0	0.998992
											8.82906	1.80589	-2.739
										}
										{VolumeView "barrel1.ply"}
									}
									{bone "barrel2"
										{Matrix34
											0.985921	0	-0.167213
											0	1	0
											0.167213	0	0.985921
											8.82906	-1.80541	-2.739
										}
										{VolumeView "barrel2.ply"}
									}
									{bone "magazine2"
										{Position -0.518835	-1.86173	1.25455}
										{VolumeView "magazine2.ply"}
									}
									{bone "magazine1"
										{Position -0.518835	1.86287	1.25455}
										{VolumeView "magazine1.ply"}
									}
								}
								{bone "arm"
									{Matrix34
										1	0	0
										0	0	-1
										0	1	0
										0.637568	7.29948	3.46013
									}
									{VolumeView "arm.ply"}
								}
							}
						}
					}
				}
			}
			{bone "engine"
				{parameters "id=engine;"}
				{Position 49.9125 	 0.5701 	 11.6262}
				{VolumeView "engine.ply"}
				{bone "engine_hatch"
					{parameters "id=engine;"}
					{Position 12.9368 	 -0.4717 	 -9.7086}
					{VolumeView "engine_hatch.ply"}
				}
			}
		}
		{bone "pivot_front"
			{Position 38.0256 	 0 	 10.0738}
			{bone revolute "steerl1"
				{matrix34
					1 	 0 	 0
					0 	 -1 	 0
					0 	 0 	 -1
					0 	 17.6905 	 0
				}
				{bone prizmatic "suspension_l1"
					{limits -0.06 0.06}
					{speed 0.12}
					{matrix34
						1 	 0 	 0
						0 	 -1 	 0
						0 	 0 	 -1
						0 	 -2.9282 	 0
					}
					{bone revolute "wheell1"
						{parameters "id=wheelleft1;radius=0.33;"}
						{matrix34
							1 	 0 	 0
							0 	 0 	 -1
							0 	 1 	 0
							0 	 0 	 0
						}
						{VolumeView "wheell1.ply"}
					}
				}
			}
			{bone revolute "steerr1"
				{matrix34
					1 	 0 	 0
					0 	 -1 	 0
					0 	 0 	 -1
					0 	 -17.7843 	 0
				}
				{bone prizmatic "suspension_r1"
					{limits -0.06 0.06}
					{speed 0.12}
					{matrix34
						1 	 0 	 0
						0 	 -1 	 0
						0 	 0 	 -1
						0 	 2.9282 	 0
					}
					{bone revolute "wheelr1"
						{parameters "id=wheelright1;radius=0.33;"}
						{matrix34
							1 	 0 	 0
							0 	 0 	 -1
							0 	 1 	 0
							0 	 0 	 0
						}
						{VolumeView "wheelr1.ply"}
					}
				}
			}
			{bone prizmatic "suspension_l3"
				{limits -0.06 0.06}
				{speed 0.12}
				{Position 0 	 20.6187 	 0}
				{bone revolute "wheell3"
					{parameters "id=wheelleft3;radius=0.33;"}
					{matrix34
						1 	 0 	 0
						0 	 0 	 -1
						0 	 1 	 0
						0 	 0 	 0
					}
				}
			}
			{bone prizmatic "suspension_r3"
				{limits -0.06 0.06}
				{speed 0.12}
				{Position 0 	 -20.7125 	 0}
				{bone revolute "wheelr3"
					{parameters "id=wheelright3;radius=0.33;"}
					{matrix34
						1 	 0 	 0
						0 	 0 	 -1
						0 	 1 	 0
						0 	 0 	 0
					}
				}
			}
			{bone "susp_front"
				{parameters "id=body;"}
				{Position -0.0472 	 -0.2533 	 0.8727}
				{VolumeView "susp_front.ply"}
			}
		}
		{bone "pivot_back"
			{Position -31.5523 	 0 	 10.0736}
			{bone prizmatic "suspension_l2"
				{limits -0.07 0.07}
				{speed 0.12}
				{Position 0 	 18.9574 	 0}
				{bone revolute "wheell2"
					{parameters "id=wheelleft2;radius=0.33;"}
					{matrix34
						1 	 0 	 0
						0 	 0 	 -1
						0 	 1 	 0
						0 	 0 	 0
					}
					{VolumeView "wheell2.ply"}
				}
			}
			{bone prizmatic "suspension_r2"
				{limits -0.07 0.07}
				{speed 0.12}
				{Position 0 	 -18.9707 	 0}
				{bone revolute "wheelr2"
					{parameters "id=wheelright2;radius=0.33;"}
					{matrix34
						1 	 0 	 0
						0 	 0 	 -1
						0 	 1 	 0
						0 	 0 	 0
					}
					{VolumeView "wheelr2.ply"}
				}
			}
			{bone "susp_back"
				{parameters "id=body;"}
				{Position 6.9107 	 0 	 1.0794}
				{VolumeView "susp_back.ply"}
			}
		}
	}
}
{Volume "barrel1"
	{Cylinder 0.538798 16}
	{Bone "barrel1"}
	{Matrix34
		0	-1	0
		0	0	1
		-1	0	0
		8.03733	6.95735e-005	-0.257681
	}
}
{Volume "barrel2"
	{Cylinder 0.538798 16}
	{Bone "barrel2"}
	{Matrix34
		0	-1	0
		0	0	1
		-1	0	0
		8.03733	-0.0010815	-0.257682
	}
}
{volume "body10"
	{box 1.62281 2.55012 40.9306}
	{bone "body"}
	{matrix34
		1 	 0 	 0
		0 	 0 	 1
		0 	 -1 	 0
		-48.0044 	 0.0998 	 11.4834
	}
}
{volume "body11"
	{box 1.62281 2.55012 40.9306}
	{bone "body"}
	{matrix34
		1 	 0 	 0
		0 	 0 	 1
		0 	 -1 	 0
		-52.968 	 0.0998 	 11.4835
	}
}
{volume "body12"
	{box 1.62281 2.55012 40.9306}
	{bone "body"}
	{matrix34
		1 	 0 	 0
		0 	 0 	 1
		0 	 -1 	 0
		-65.4313 	 0.0998 	 11.4834
	}
}
{volume "body1"
	{polyhedron "body1.vol"}
	{bone "body"}
	{Position 43.0489 	 0.0928 	 20.2906}
}
{volume "body2"
	{box 89.5048 6.88498 19.0209}
	{bone "body"}
	{matrix34
		1 	 0 	 0
		0 	 0 	 1
		0 	 -1 	 0
		-21.1759 	 0.0918 	 6.8422
	}
}
{volume "body3"
	{box 1.62281 2.55012 40.9306}
	{bone "body"}
	{matrix34
		1 	 0 	 0
		0 	 0 	 1
		0 	 -1 	 0
		20.8862 	 0.0998 	 11.4835
	}
}
{volume "body4"
	{box 1.62281 2.55012 40.9306}
	{bone "body"}
	{matrix34
		1 	 0 	 0
		0 	 0 	 1
		0 	 -1 	 0
		9.5693 	 0.0998 	 11.4835
	}
}
{volume "body5"
	{box 1.62281 2.55012 40.9306}
	{bone "body"}
	{matrix34
		1 	 0 	 0
		0 	 0 	 1
		0 	 -1 	 0
		3.7937 	 0.0998 	 11.4835
	}
}
{volume "body6"
	{box 1.62281 2.55012 40.9306}
	{bone "body"}
	{matrix34
		1 	 0 	 0
		0 	 0 	 1
		0 	 -1 	 0
		-1.8338 	 0.0998 	 11.4835
	}
}
{volume "body7"
	{box 1.62281 2.55012 40.9306}
	{bone "body"}
	{matrix34
		1 	 0 	 0
		0 	 0 	 1
		0 	 -1 	 0
		-13.233 	 0.0998 	 11.4834
	}
}
{volume "body8"
	{box 1.62281 2.55012 40.9306}
	{bone "body"}
	{matrix34
		1 	 0 	 0
		0 	 0 	 1
		0 	 -1 	 0
		-23.8264 	 0.0998 	 11.4835
	}
}
{volume "body9"
	{box 1.62281 2.55012 40.9306}
	{bone "body"}
	{matrix34
		1 	 0 	 0
		0 	 0 	 1
		0 	 -1 	 0
		-41.4853 	 0.0998 	 11.4834
	}
}
{volume "bodyback1"
	{box 87.172 15.1159 42.3349}
	{bone "bodyback"}
	{matrix34
		1 	 0 	 0
		0 	 0 	 1
		0 	 -1 	 0
		9.557 	 0.0572 	 6.8334
	}
}
{volume "bodyback2"
	{box 0.951103 14.9459 41.1719}
	{bone "part1"}
	{matrix34
		1 	 0 	 0
		0 	 0 	 1
		0 	 -1 	 0
		0.9619 	 8.3727 	 6.7687
	}
}
{volume "engine"
	{box 17.2326 10.7848 8.46835}
	{bone "engine"}
	{matrix34
		-1 	 0 	 0
		0 	 0 	 1
		0 	 1 	 0
		-3.6114 	 -0.4615 	 0.1742
	}
}
{volume "hole2"
	{box 38.6799 14.8886 86.262}
	{bone "bodyback"}
	{matrix34
		0 	 1 	 0
		0 	 0 	 1
		1 	 0 	 0
		8.8304 	 -0.2166 	 7.5332
	}
}
{volume "hole3"
	{box 8.33883 10.2982 45.6677}
	{bone "body"}
	{matrix34
		1 	 0 	 0
		0 	 0 	 1
		0 	 -1 	 0
		30.6656 	 0.1383 	 28.9341
	}
}
{volume "hole4"
	{polyhedron "hole4.vol"}
	{bone "body"}
	{Position 45.5696 	 0.1332 	 28.9638}
}
{volume "hole5"
	{polyhedron "hole5.vol"}
	{bone "body"}
	{Position 52.1495 	 9.3059 	 29.1186}
}
{volume "hole6"
	{polyhedron "hole6.vol"}
	{bone "body"}
	{Position 52.1496 	 -9.0891 	 29.1187}
}
{Volume "gun"
	{Box 17 5 3}
	{Bone "gun"}
	{Position 0.241147	0.0168572	-3.68184}
}
{Volume "magazine1"
	{Box 3 7.5 1}
	{Bone "magazine1"}
	{Matrix34
		0.948569	0	-0.316569
		0.316569	0	0.948569
		0	-1	0
		-0.145778	0.0303462	-0.194199
	}
}
{Volume "magazine2"
	{Box 3 7.5 1}
	{Bone "magazine2"}
	{Matrix34
		0.948569	0	-0.316569
		0.316569	0	0.948569
		0	-1	0
		-0.145777	-0.0110571	-0.194199
	}
}
{Volume "standc"
	{Box 21 1.5 2}
	{Bone "standb"}
	{Matrix34
		-0.95245	0	0.304694
		0	-1	0
		0.304694	0	0.95245
		3.96623	0.0420067	-1.19898
	}
}
{Volume "standl"
	{Box 21 1.5 2}
	{Bone "standl"}
	{Matrix34
		-0.952447	-0.00258405	0.304694
		0.00271322	-0.999996	0
		0.304693	0.000826672	0.95245
		3.9524	0.00847693	-1.13827
	}
}
{Volume "standr"
	{Box 21 1.5 2}
	{Bone "stanr"}
	{Matrix34
		-0.952427	0.00672397	0.304694
		-0.00705957	-0.999975	0
		0.304687	-0.00215104	0.95245
		3.97617	-0.0227865	-1.12665
	}
}
{Volume "turret"
	{Polyhedron "turret.vol"}
	{Bone "turret"}
	{Position -0.196006	0.111508	-6.99209}
}
{Volume "turret2"
	{Box 9 9 5.5}
	{Bone "turret2"}
	{Position 1.76579	0.019999	0.155415}
}
{volume "wheelleft1"
	{cylinder 6.49606 4.49921}
	{bone "wheell1"}
	{matrix34
		1 	 0 	 0
		0 	 -1 	 0
		0 	 0 	 -1
		0 	 0 	 -0.0278
	}
}
{volume "wheelleft2"
	{cylinder 6.88189 9.79685}
	{bone "wheell2"}
	{matrix34
		1 	 0 	 0
		0 	 -1 	 0
		0 	 0 	 -1
		0 	 0 	 0.0549
	}
}
{volume "wheelright1"
	{cylinder 6.51969 4.49921}
	{bone "wheelr1"}
	{matrix34
		1 	 0 	 0
		0 	 -1 	 0
		0 	 0 	 -1
		0 	 0 	 -0.0026
	}
}
{volume "wheelright2"
	{cylinder 6.42913 9.79685}
	{bone "wheelr2"}
	{matrix34
		1 	 0 	 0
		0 	 -1 	 0
		0 	 0 	 -1
		0 	 0 	 -0.0259
	}
}
