;Exported by: dementor
;Date:        Tue Dec 25 17:46:51 2007
;File:        D:\ASL7000\Grand M3\Grand M3v4_xx.max
{Skeleton
	{bone "basis"
		{Orientation
			1	0	0
			0	-1	0
			0	0	1
		}
		{bone "wheelsl"
			{Matrix34
				-1	0	0
				0	0	1
				0	1	0
				1.91105	26.1857	8.69143
			}
			{VolumeView "wheelsl.ply"}
			{bone revolute "wheell2"
				{parameters "Radius=0.3;ID=trackleft;"}
				{Position -40.0346	-2.94693	-0.00060463}
				{VolumeView "wheell2.ply"}
			}
			{bone revolute "wheell4"
				{parameters "Radius=0.3;ID=trackleft;"}
				{Position -8.40656	-2.94693	-0.000614166}
				{VolumeView "wheell4.ply"}
			}
			{bone revolute "wheell5"
				{parameters "Radius=0.3;ID=trackleft;"}
				{Position 7.59897	-2.94693	-0.000610352}
				{VolumeView "wheell5.ply"}
			}
			{bone revolute "wheell6"
				{parameters "Radius=0.3;ID=trackleft;"}
				{Position 23.8397	-2.94693	-0.000608444}
				{VolumeView "wheell6.ply"}
			}
			{bone revolute "wheell7"
				{parameters "Radius=0.3;ID=trackleft;"}
				{Position 39.8452	-2.94693	-0.000608444}
				{VolumeView "wheell7.ply"}
			}
		}
		{bone "wheelsr"
			{Matrix34
				-1	0	0
				0	0	1
				0	1	0
				1.91105	-21.3636	8.69142
			}
			{VolumeView "wheelsr.ply"}
			{bone revolute "wheelr2"
				{parameters "Radius=0.3;ID=trackleft;"}
				{Position -40.0346	-2.94693	0.000602722}
				{VolumeView "wheelr2.ply"}
			}
			{bone revolute "wheelr3"
				{parameters "Radius=0.3;ID=trackleft;"}
				{Position -24.0291	-2.94694	0.000602722}
				{VolumeView "wheelr3.ply"}
			}
			{bone revolute "wheelr4"
				{parameters "Radius=0.3;ID=trackleft;"}
				{Position -8.40656	-2.94693	0.000610352}
				{VolumeView "wheelr4.ply"}
			}
			{bone revolute "wheelr5"
				{parameters "Radius=0.3;ID=trackleft;"}
				{Position 7.59898	-2.94693	0.000608444}
				{VolumeView "wheelr5.ply"}
			}
			{bone revolute "wheelr6"
				{parameters "Radius=0.3;ID=trackleft;"}
				{Position 23.8397	-2.94693	0.000612259}
				{VolumeView "wheelr6.ply"}
			}
		}
		{bone "body"
			{Matrix34
				-0.999996	-0.000319631	-0.00288146
				-0.00288882	0.0261213	0.999655
				-0.000244253	0.999659	-0.0261222
				-2.42665	2.43562	32.8704
			}
			{VolumeView "body.ply"}
			{bone revolute "mgun03"
				{Matrix34
					0	0	1
					0	1	0
					-1	0	0
					-48.3954	-8.70176	12.8079
				}
				{VolumeView "mgun03.ply"}
			}
			{bone revolute "mgun02"
				{Matrix34
					0	0	1
					0	1	0
					-1	0	0
					-48.5852	-8.70177	16.8446
				}
				{VolumeView "mgun02.ply"}
			}
			{bone revolute "wheell1"
				{parameters "Radius=0.6;ID=trackleft;"}
				{Position -54.5127	-22.3008	23.2957}
				{VolumeView "wheell1.ply"}
			}
			{bone revolute "wheelr8"
				{parameters "Radius=0.6;ID=trackright;"}
				{Position 51.831	-23.4189	-23.1993}
				{VolumeView "wheelr8.ply"}
			}
			{bone "engine"
				{Matrix34
					0.999971	0.00713924	0.0024909
					-0.00492368	0.999663	-0.0254886
					0.00176002	0.0312338	0.999511
					39.4876	0.0775108	0.144662
				}
				{VolumeView "engine.ply"}
			}
			{bone revolute "part1"
				{parameters "CommonMesh;ID=body;"}
				{Matrix34
					0.999996	0.00288876	0.000244321
					-0.00288142	0.999655	-0.0261221
					-0.000319685	0.0261212	0.999659
					35.5932	-27.6356	-23.0732
				}
				{VolumeView "part1.ply"}
			}
			{bone revolute "part2"
				{parameters "CommonMesh;ID=body;"}
				{Matrix34
					0.999996	0.00288876	0.000244321
					-0.00288142	0.999655	-0.0261221
					-0.000319685	0.0261212	0.999659
					-28.2961	-26.5781	24.443
				}
				{VolumeView "part2.ply"}
			}
			{bone revolute "part3"
				{parameters "CommonMesh;ID=body;"}
				{Position 51.831	-23.4189	23.1502}
				{VolumeView "part3.ply"}
			}
			{bone "part4"
				{parameters "CommonMesh;ID=body;"}
				{Matrix34
					-0.337955	0.349411	-0.873898
					0.571776	0.820391	0.00562213
					0.61523	-0.618783	-0.488466
					-8.75123	-2.66311	29.9633
				}
				{VolumeView "part4.ply"}
			}
			{bone revolute "part5"
				{parameters "CommonMesh;ID=body;"}
				{Position -54.5127	-22.3008	-23.1562}
				{VolumeView "part5.ply"}
			}
			{bone revolute "gun2_rot"
				{parameters "ID=gun;"}
				{limits -5 40}
				{speed 0.01}
				{Matrix34
					0.899453	0.20181	0.38763
					-0.152531	0.988299	-0.000346504
					-0.327951	-0.0731209	0.941861
					-0.418754	14.8064	5.03171
				}
				{VolumeView "gun2_rot.ply"}
				{bone "gun2"
					{Position -20.5652	0.511345	0.740619}
					{VolumeView "gun2.ply"}
				}
				{bone "mgun01"
					{Position -2.30737	0.899109	-2.2156}
					{VolumeView "mgun01.ply"}
				}
			}
		}
	}
}
{Volume "body1"
	{Box 28.7083 11.6884 2.28883}
	{Bone "body"}
	{Matrix34
		0	0	-1
		-0.573576	-0.819153	0
		-0.819152	0.573577	0
		-31.9254	2.67238	6.15391
	}
}
{Volume "body2"
	{Box 27.9516 22.9364 2.28883}
	{Bone "body"}
	{Matrix34
		0	0	-1
		-0.819152	-0.573577	0
		-0.573576	0.819152	0
		-41.3327	-6.50689	4.90886
	}
}
{Volume "body3"
	{Box 37.5732 109.589 17.7429}
	{Bone "body"}
	{Matrix34
		0	0	-1
		-1	0	0
		0	1	0
		-0.818171	-19.7055	0.727255
	}
}
{Volume "body4"
	{Polyhedron "body4.vol"}
	{Bone "body"}
	{Matrix34
		0.916952	0.0307751	0.397809
		0.152881	0.89383	-0.421539
		-0.368546	0.447348	0.814894
		-21.0056	2.61657	23.8811
	}
}
{Volume "body5"
	{Cylinder 17.9983 13.3058}
	{Bone "body"}
	{Matrix34
		0.333667	0.00358578	-0.931009
		-0.930953	-0.0123766	-0.399247
		-0.0089182	0.999942	-0.00065195
		4.8521	15.0027	8.95738
	}
}
{Volume "body7"
	{Polyhedron "body7.vol"}
	{Bone "body"}
	{Matrix34
		-1	0	0
		0	1	0
		0	0	-1
		39.112	-3.87056	0.234799
	}
}
{Volume "body9"
	{Polyhedron "body9.vol"}
	{Bone "body"}
	{Matrix34
		0.866585	0.015134	0.4988
		0.237784	0.866251	-0.439395
		-0.438736	0.499379	0.747082
		-34.3554	-6.24843	21.4992
	}
}
{Volume "gun"
	{Box 2.80494 2.47879 32.159}
	{Bone "gun2"}
	{Matrix34
		0	0	0.990055
		0	0.994777	0
		-1.01922	0	0
		2.68701	-0.0413672	0.0064122
	}
}
{Volume "part1"
	{Box 10.8477 10.8477 5.43617}
	{Bone "part1"}
	{Position 0	0	0}
}
{Volume "part2"
	{Box 10.8477 10.8477 5.43617}
	{Bone "part2"}
	{Position 0	0	0}
}
{Volume "part3"
	{Box 12.0294 12.1531 8.85188}
	{Bone "part3"}
	{Position 0	0	0}
}
{Volume "part4"
	{Box 16.9601 11.0893 1.56555}
	{Bone "part4"}
	{Matrix34
		-0.507493	0.0470681	0.871725
		-0.0462819	1.01557	0.133338
		-0.865158	0.0243797	-0.498422
		-4.19562	0.148181	7.73778
	}
}
{Volume "part5"
	{Box 14.7638 14.7638 8.55768}
	{Bone "part5"}
	{Position 0	0	0}
}
{Volume "trackleft"
	{Box 10.3321 125.081 27.3903}
	{Bone "wheelsl"}
	{Matrix34
		0	0	-1
		-1	0	0
		0	1	0
		2.20473	2.24192	-0.587758
	}
}
{Volume "trackright"
	{Box 10.3321 125.081 27.3903}
	{Bone "wheelsr"}
	{Matrix34
		0	0	-1
		-1	0	0
		0	1	0
		2.20474	2.24193	0.0674204
	}
}
