;Exported by: Mauzer
;Date:        Tue Sep 20 14:40:34 2011
;File:        E:\Autodesk\Low poly\freelance\DMS\Cannon\BS-3\BS-3_x.max
{Skeleton
	{bone "basis"
		{Orientation
			1	0	0
			0	-1	0
			0	0	1
		}
		{bone "body"
			{parameters "ID=body;"}
			{animation
				{sequence "break" {file "body_b.anm"} {speed 0.7}}
			}
			{Position -1.03363	0.119125	10.9416}
			{VolumeView "body.ply"}
			{bone revolute "turret"
				{parameters "ID=turret;"}
				{animation
					{sequence "break" {file "turret_b.anm"} {speed 0.9}}
				}
				{limits -29 29}
				{speed 0.005}
				{Position 1.71048	-0.000244141	-3.10273}
				{VolumeView "turret.ply"}
				{bone revolute "gun_rot"
					{parameters "ID=gun;"}
					{animation
						{sequence "break" {file "gun_b.anm"} {speed 0.6}}
					}
					{limits -5 45}
					{speed 0.006}
					{Matrix34
						1	0	0
						0	0	1
						0	-1	0
						-4.6842	-0.00947952	11.9025
					}
					{VolumeView "gun_rot.ply"}
					{bone "gun"
						{parameters "ID=gun;"}
						{Matrix34
							1	0	0
							0	0	-1
							0	1	0
							25.5403	1.68501	0.00350761
						}
						{VolumeView "gun.ply"}
					}
				}
				{bone "detail2"
					{Matrix34
						1	0	0
						0	-1	0
						0	0	1
						-2.87727	18.3648	17.2309
					}
					{VolumeView "detail2.ply"}
				}
				{bone "detail3"
					{Matrix34
						1	0	0
						0	-1	0
						0	0	1
						-5.28641	-16.5619	17.221
					}
					{VolumeView "detail3.ply"}
				}
				{bone "detail1"
					{Matrix34
						1	0	0
						0	-1	0
						0	0	1
						-2.87727	-18.3838	17.2309
					}
					{VolumeView "detail1.ply"}
				}
				{bone "dtl3"
					{Matrix34
						1	0	0
						0	-1	0
						0	0	1
						3.52686	-0.00947939	9.57503
					}
				}
			}
			{bone "standl"
				{Matrix34
					0.777146	-0.62932	0
					0.62932	0.777146	0
					0	0	1
					-3.06022	10.0451	-2.12593
				}
				{VolumeView "standl.ply"}
				{bone "det_a2"
					{Matrix34
						-0.190344	-0.0133102	-0.981627
						0.0697563	-0.997564	0
						0.979236	0.0684747	-0.190809
						-69.2651	-4.74264	-6.69973
					}
					{VolumeView "det_a2.ply"}
				}
				{bone "det_a1"
					{Matrix34
						-0.741335	-0.0518391	0.669131
						0.0697566	-0.997564	0
						-0.667501	-0.0466763	-0.743145
						-68.2163	-4.74828	-5.05749
					}
					{VolumeView "det_a1.ply"}
				}
			}
			{bone "standr"
				{Matrix34
					0.771625	0.636078	0
					-0.636078	0.771625	0
					0	0	1
					-3.06022	-10.0566	-2.12593
				}
				{VolumeView "standr.ply"}
				{bone "det_b1"
					{Matrix34
						-0.740854	0.0583065	0.669131
						0.0784591	0.996917	0
						-0.667068	0.0524994	-0.743145
						-68.1728	5.33607	-5.09896
					}
					{VolumeView "det_b1.ply"}
				}
				{bone "det_b2"
					{Matrix34
						-0.190221	0.0149707	-0.981627
						0.0784591	0.996917	0
						0.978601	-0.0770177	-0.190809
						-69.2118	5.33883	-6.6966
					}
					{VolumeView "det_b2.ply"}
				}
				{bone "detail4"
					{Position 0	0	0}
					{VolumeView "detail4.ply"}
				}
			}
			{bone "dt1"
				{Matrix34
					1	0	0
					0	-1	0
					0	0	1
					7.6976	-0.00972508	-1.6135
				}
				{VolumeView "dt1.ply"}
			}
			{bone "pivot_front"
				{parameters "ID=body;"}
				{Position 0	0	-0.921555}
				{VolumeView "pivot_front.ply"}
				{bone revolute "wheell2"
					{parameters "ID=wheelleft;Support=1;Radius=0.42;"}
					{Matrix34
						1	0	0
						0	0	-1
						0	1	0
						7.25208	16.5594	-1.82836
					}
					{VolumeView "wheell2.ply"}
				}
				{bone revolute "wheell"
					{parameters "ID=wheelleft;Support=1;Radius=0.42;"}
					{Matrix34
						1	0	0
						0	0	-1
						0	1	0
						7.25208	20.6054	-1.82836
					}
					{VolumeView "wheell.ply"}
				}
				{bone revolute "wheelr"
					{parameters "ID=wheelright;Support=1;Radius=0.42;"}
					{Matrix34
						1	0	0
						0	0	-1
						0	1	0
						7.25208	-20.6249	-1.82836
					}
					{VolumeView "wheelr.ply"}
				}
				{bone revolute "wheelr2"
					{parameters "ID=wheelright;Support=1;Radius=0.42;"}
					{Matrix34
						1	0	0
						0	0	-1
						0	1	0
						7.25208	-16.5789	-1.82836
					}
					{VolumeView "wheelr2.ply"}
				}
			}
		}
	}
}
